package boulderDash;



public class Plansze {

	static int planszaa[][] = new int[15][25];
	


public void zrobPlansze1(){
		
	
	
		int plansza1[][] = {
				{1,1,1,1,1,1,1,1,1,1,1,1,1,1,1,1,1,1,1,1,1,1,1,1,1},
				{1,1,1,1,1,1,2,2,5,2,2,2,5,2,2,2,2,5,2,2,1,0,0,0,1}, 
				{1,1,1,1,1,1,2,2,2,2,2,2,2,2,2,2,2,2,2,2,1,1,1,1,1},
				{1,1,1,1,1,1,5,2,2,2,2,2,2,2,2,2,2,2,2,2,1,0,0,0,1},
				{1,1,1,1,1,1,2,2,5,2,2,2,5,2,2,2,2,2,2,2,1,1,1,1,1},
				{1,1,1,1,1,1,2,2,2,2,2,2,2,2,2,2,2,5,2,2,1,0,0,0,1},
				{1,1,1,1,1,1,5,2,2,2,2,2,6,2,2,5,2,2,2,2,1,1,1,1,1},
				{1,1,1,1,1,1,2,2,2,2,2,2,2,2,2,2,2,2,2,2,1,0,0,0,1},
				{1,1,1,1,1,1,2,2,2,2,2,2,2,2,2,2,2,2,2,2,1,1,1,1,1},
				{1,1,1,1,1,1,2,2,5,2,2,2,2,2,2,2,2,2,2,2,1,0,0,0,1},
				{1,1,1,1,1,1,5,2,2,2,2,2,2,5,2,2,2,2,2,2,1,1,1,1,1},
				{1,1,1,1,1,1,2,2,2,2,2,2,2,2,2,2,2,5,2,2,1,0,0,0,1},
				{1,1,1,1,1,1,2,2,2,2,2,2,2,2,2,2,2,4,2,2,1,1,1,1,1},
				{1,1,1,1,1,1,5,2,2,2,2,5,2,2,2,2,2,2,2,2,1,0,0,0,1},
				{1,1,1,1,1,1,1,1,1,1,1,1,1,1,1,1,1,1,1,1,1,1,1,1,1},
		};
		
		for(int i=0; i<planszaa.length; i++)
		{
			for(int j=0; j<planszaa[0].length; j++)
			{
				planszaa[i][j] = plansza1[i][j];

			}
		}
		
		
		
}
public void zrobPlanszee(int px)
{
	
	switch(px)
	
	{
	
	case 1:
	{
		int plansza2[][]={
				{1,1,1,1,1,1,1,1,1,1,1,1,1,1,1,1,1,1,1,1,1,1,1,1,1},
				{1,1,1,1,1,1,2,2,5,2,2,1,5,2,2,2,2,5,2,1,0,0,0,0,1}, 
				{1,1,1,1,1,1,2,2,2,2,2,1,2,2,2,2,2,2,2,1,1,1,1,1,1},
				{1,1,1,1,1,1,5,2,2,2,2,1,2,2,2,2,2,2,2,1,0,0,0,0,1},
				{1,1,1,1,1,1,2,2,5,2,2,1,5,2,2,2,2,2,2,1,1,1,1,1,1},
				{1,1,1,1,1,1,2,2,2,2,2,1,2,2,2,2,2,5,2,1,0,0,0,0,1},
				{1,1,1,1,1,1,5,2,2,2,2,1,6,2,2,5,2,2,2,1,1,1,1,1,1},
				{1,1,1,1,1,1,2,2,2,2,2,1,2,2,2,2,2,2,2,1,0,0,0,0,1},
				{1,1,1,1,1,1,2,2,2,2,2,2,3,3,2,2,2,2,2,1,1,1,1,1,1},
				{1,1,1,1,1,1,2,2,5,2,2,1,2,2,2,2,2,2,2,1,0,0,0,0,1},
				{1,1,1,1,1,1,5,2,2,2,2,1,2,5,2,2,2,5,2,1,1,1,1,1,1},
				{1,1,1,1,1,1,2,2,2,2,2,1,2,2,2,2,2,2,2,1,0,0,0,0,1},
				{1,1,1,1,1,1,2,2,2,5,2,1,2,2,2,2,2,4,2,1,1,1,1,1,1},
				{1,1,1,1,1,1,5,2,2,2,2,1,2,2,2,2,2,2,2,1,0,0,0,0,1},
				{1,1,1,1,1,1,1,1,1,1,1,1,1,1,1,1,1,1,1,1,1,1,1,1,1},
				
				
		};
		for(int i=0;i<planszaa.length;i++)
		{
			for (int j=0;j<planszaa[0].length;j++)
			{
				planszaa[i][j]=plansza2[i][j];
			}
		}
	
		
		break;
		
	}
	
	case 2:
	{
		int plansza2[][]={
				{1,1,1,1,1,1,1,1,1,1,1,1,1,1,1,1,1,1,1,1,1,1,1,1,1},
				{1,1,1,1,1,1,2,2,5,2,2,2,5,2,2,2,2,5,2,1,0,0,0,0,1}, 
				{1,1,1,1,1,1,2,2,2,2,2,2,2,2,2,2,2,2,2,1,1,1,1,1,1},
				{1,1,1,1,1,1,5,2,2,2,2,2,2,2,2,2,2,2,2,1,0,0,0,0,1},
				{1,1,1,1,1,1,2,2,5,2,2,2,5,2,2,2,2,2,2,1,1,1,1,1,1},
				{1,1,1,1,1,1,1,2,2,2,2,2,2,2,2,2,2,5,2,1,0,0,0,0,1},
				{1,1,1,6,2,12,5,2,2,2,2,2,2,2,2,5,2,2,2,1,1,1,1,1,1},
				{1,1,1,1,1,1,1,2,2,2,2,2,2,2,2,2,2,2,2,1,0,0,0,0,1},
				{1,1,1,1,1,1,2,2,2,2,2,2,2,2,2,2,2,2,2,1,1,1,1,1,1},
				{1,1,1,1,1,1,2,2,5,2,2,2,2,2,2,2,2,2,2,1,0,0,0,0,1},
				{1,1,1,1,1,1,5,2,2,2,2,2,2,5,2,2,2,5,2,1,1,1,1,1,1},
				{1,1,1,1,1,1,2,2,2,2,2,2,2,2,2,2,2,2,2,1,0,0,0,0,1},
				{1,1,1,1,1,1,2,2,2,5,2,2,2,2,2,2,2,4,2,1,1,1,1,1,1},
				{1,1,1,1,1,1,5,2,2,2,2,2,2,2,2,2,2,2,2,1,0,0,0,0,1},
				{1,1,1,1,1,1,1,1,1,1,1,1,1,1,1,1,1,1,1,1,1,1,1,1,1},
				
				
		};
		for(int i=0;i<planszaa.length;i++)
		{
			for (int j=0;j<planszaa[0].length;j++)
			{
				planszaa[i][j]=plansza2[i][j];
			}
		}
		
		break;
		
	}
	case 3:
	{
		int plansza2[][]={
				{1,1,1,1,1,1,1,1,1,1,1,1,1,1,1,1,1,1,1,1,1,1,1,1,1},
				{1,1,1,1,1,1,2,2,5,2,2,3,5,3,2,2,2,5,2,1,0,0,0,0,1}, 
				{1,1,1,1,1,1,2,2,2,2,2,3,2,3,2,2,2,2,2,1,1,1,1,1,1},
				{1,1,1,1,1,1,5,2,2,2,2,3,2,3,2,2,2,2,2,1,0,0,0,0,1},
				{1,1,1,1,1,1,2,2,5,2,2,3,5,3,2,2,2,2,5,1,1,1,1,1,1},
				{1,1,1,1,1,1,2,2,2,2,2,3,3,3,2,2,2,5,2,1,0,0,0,0,1},
				{1,1,1,1,1,1,5,2,2,2,2,3,6,3,2,5,2,2,2,1,1,1,1,1,1},
				{1,1,1,1,1,1,2,2,2,2,2,3,3,3,2,2,2,2,2,1,0,0,0,0,1},
				{1,1,1,1,1,1,2,2,2,2,2,3,3,3,2,2,2,2,5,1,1,1,1,1,1},
				{1,1,1,1,1,1,2,2,5,2,2,3,3,3,2,2,2,2,2,1,0,0,0,0,1},
				{1,1,1,1,1,1,5,2,2,2,2,3,1,3,2,2,2,5,2,1,1,1,1,1,1},
				{1,1,1,1,1,1,2,2,2,2,2,2,2,2,2,2,2,2,2,1,0,0,0,0,1},
				{1,1,1,1,1,1,2,2,2,2,2,2,2,2,2,2,2,4,2,1,1,1,1,1,1},
				{1,1,1,1,1,1,5,2,2,2,2,2,2,2,2,2,2,2,2,1,0,0,0,0,1},
				{1,1,1,1,1,1,1,1,1,1,1,1,1,1,1,1,1,1,1,1,1,1,1,1,1},
				
				
		};
		for(int i=0;i<planszaa.length;i++)
		{
			for (int j=0;j<planszaa[0].length;j++)
			{
				planszaa[i][j]=plansza2[i][j];
			}
		}

		break;
		
	}

case 4:
{
	int plansza2[][]={
			{1,1,1,1,1,1,1,1,1,1,1,1,1,1,1,1,1,1,1,1,1,1,1,1,1},
			{1,1,1,1,1,1,2,2,5,2,2,1,5,2,2,2,2,3,2,1,5,3,3,5,1}, 
			{1,1,1,1,1,1,2,2,2,2,2,1,2,2,2,2,2,3,2,1,3,3,3,3,1},
			{1,1,1,1,1,1,5,2,2,2,2,1,2,2,2,2,2,3,2,1,3,3,3,3,1},
			{1,1,1,1,1,1,2,2,5,2,2,1,5,2,2,2,2,3,2,1,3,3,3,3,1},
			{1,1,1,1,1,1,2,2,2,2,2,1,2,2,2,2,2,3,2,1,3,3,3,3,1},
			{1,1,1,1,1,1,5,2,2,2,2,1,6,2,2,5,2,3,3,1,3,2,2,2,1},
			{1,1,1,1,1,1,2,2,2,2,2,1,2,2,2,2,2,3,3,1,2,2,2,2,1},
			{1,1,1,1,1,1,2,2,2,2,2,2,3,3,5,2,2,3,3,2,2,2,2,2,1},
			{1,1,1,1,1,1,2,2,5,2,2,1,2,2,2,2,2,3,3,1,2,2,2,2,1},
			{1,1,1,1,1,1,5,2,2,2,2,1,2,5,2,2,2,2,3,1,2,2,2,2,1},
			{1,1,1,1,1,1,2,2,2,2,2,1,2,2,2,2,2,2,2,1,2,2,2,2,1},
			{1,1,1,1,1,1,2,2,2,2,2,1,2,2,2,2,2,4,2,1,1,2,2,1,1},
			{1,1,1,1,1,1,5,2,2,2,2,1,2,2,2,2,2,2,2,1,2,2,2,5,1},
			{1,1,1,1,1,1,1,1,1,1,1,1,1,1,1,1,1,1,1,1,1,1,1,1,1},
			
			
			
	};
	for(int i=0;i<planszaa.length;i++)
	{
		for (int j=0;j<planszaa[0].length;j++)
		{
			planszaa[i][j]=plansza2[i][j];
		}
	}

	
}

break;

case 5:
{
	
	int plansza2[][]={
			{1,1,1,1,1,1,1,1,1,1,1,1,1,1,1,1,1,1,1,1,1,1,1,1,1},
			{1,2,2,2,2,2,2,2,2,2,2,5,1,2,2,2,2,2,2,3,2,2,5,2,1}, 
			{1,2,2,1,2,2,5,2,2,3,3,3,1,2,2,2,2,2,1,3,2,2,2,5,1},
			{1,6,2,1,2,2,2,2,2,2,2,2,2,2,2,2,2,2,1,2,2,2,3,3,1},
			{1,1,1,1,1,1,1,1,1,1,1,1,1,1,1,1,1,1,1,1,1,1,3,3,1},
			{1,3,2,2,2,2,2,2,2,2,2,3,3,3,1,2,2,2,1,2,2,2,2,2,1},
			{1,3,2,2,2,2,5,2,2,2,2,2,2,3,0,0,0,2,2,2,2,2,2,2,1},
			{1,2,1,1,1,1,1,3,1,1,1,2,2,1,1,1,1,1,1,1,1,1,1,1,1},
			{1,2,5,1,2,2,2,3,2,2,2,2,2,2,2,2,2,2,2,2,5,2,2,2,1},
			{1,2,2,1,2,5,2,3,2,2,2,2,2,5,2,2,2,5,2,2,5,2,2,2,1},
			{1,2,3,1,2,2,2,2,2,2,5,1,1,1,1,1,1,1,1,1,1,1,1,1,1},
			{1,1,2,1,1,1,1,1,1,1,1,1,2,2,2,2,2,2,2,2,2,2,2,2,1},
			{1,2,2,1,3,3,3,5,5,2,3,3,2,2,2,2,2,4,2,2,2,2,2,2,1},
			{1,5,2,2,2,2,2,2,2,2,2,2,2,2,2,2,2,2,2,2,2,2,2,2,1},
			{1,1,1,1,1,1,1,1,1,1,1,1,1,1,1,1,1,1,1,1,1,1,1,1,1},
			
			
	};
	
	
	for(int i=0;i<planszaa.length;i++)
	{
		for (int j=0;j<planszaa[0].length;j++)
		{
			planszaa[i][j]=plansza2[i][j];
		}
	}

	break;
	
	
}	
	
	
case 6:
{
	int plansza2[][]={
			{1,1,1,1,1,1,1,1,1,1,1,1,1,1,1,1,1,1,1,1,1,1,1,1,1},
			{1,6,2,2,2,1,3,2,5,2,2,2,2,2,5,2,2,2,5,2,2,2,5,2,1}, 
			{1,2,2,2,2,1,3,2,2,2,2,2,2,2,2,2,2,2,2,2,7,2,2,2,1},
			{1,1,1,8,1,1,3,2,2,2,2,5,2,2,2,2,2,2,2,2,2,2,2,2,1},
			{1,2,1,2,1,2,3,2,2,2,2,2,2,2,2,2,2,2,2,2,2,2,2,2,1},
			{1,2,2,2,2,2,3,2,2,2,2,2,5,2,2,2,5,2,2,2,2,2,2,2,1},
			{1,2,5,2,2,2,3,2,2,2,2,2,2,2,2,2,2,2,2,2,2,2,2,2,1},
			{1,2,2,2,2,2,3,2,2,2,2,2,2,2,2,2,2,2,2,2,2,2,2,2,1},
			{1,1,1,1,1,1,3,1,1,1,1,1,1,1,1,1,1,1,1,1,1,1,1,1,1},
			{1,2,2,2,2,2,2,2,2,2,2,2,2,1,2,2,2,2,2,5,5,2,2,2,1},
			{1,2,2,5,2,2,2,5,2,2,2,5,2,1,2,2,2,5,2,2,2,2,2,2,1},
			{1,2,5,2,2,2,2,2,2,2,2,0,0,3,2,2,2,2,2,2,2,2,2,2,1},
			{1,2,2,2,2,2,2,2,2,2,2,2,2,1,2,2,2,4,2,2,2,2,2,2,1},
			{1,2,2,2,2,2,2,2,2,2,2,2,2,1,2,2,2,2,2,2,2,2,2,2,1},
			{1,1,1,1,1,1,1,1,1,1,1,1,1,1,1,1,1,1,1,1,1,1,1,1,1},
			
			
	};
	for(int i=0;i<planszaa.length;i++)
	{
		for (int j=0;j<planszaa[0].length;j++)
		{
			planszaa[i][j]=plansza2[i][j];
		}
	}
	
	break;
	
}
case 7:
{
	int plansza2[][]={
			{1,1,1,1,1,1,1,1,1,1,1,1,1,1,1,1,1,1,1,1,1,1,1,1,1},
			{1,5,2,2,2,2,2,2,2,2,2,5,2,2,2,2,2,2,2,2,2,2,2,2,1}, 
			{1,2,7,2,2,2,2,2,2,2,2,2,2,2,2,2,2,2,2,2,2,2,5,2,1},
			{1,2,2,5,2,2,2,2,2,2,2,5,2,2,2,2,2,2,2,2,2,2,2,2,1},
			{1,2,2,2,2,2,2,2,2,2,2,2,2,2,2,5,2,2,2,2,2,2,2,2,1},
			{1,2,2,2,2,2,2,2,2,2,2,2,2,2,2,2,2,2,2,2,2,2,2,2,1},
			{1,2,2,2,2,2,2,2,2,2,1,1,8,1,2,2,2,2,2,2,2,2,2,2,1},
			{1,2,2,2,2,2,2,2,2,2,1,5,2,1,2,2,2,2,2,2,2,2,7,2,1},
			{1,5,2,2,2,2,5,2,2,2,1,2,6,1,2,2,2,2,2,2,2,2,2,2,1},
			{1,2,2,2,2,2,2,2,2,2,1,1,1,1,2,2,2,2,2,2,2,2,2,2,1},
			{1,2,2,2,2,2,2,2,2,2,2,2,2,2,2,5,2,2,2,2,2,2,5,2,1},
			{1,2,2,2,2,5,2,2,2,2,2,2,2,2,2,2,2,2,2,2,2,2,2,2,1},
			{1,2,5,2,2,2,2,2,2,2,2,2,5,2,2,2,2,4,2,2,2,2,2,2,1},
			{1,2,2,2,2,2,2,2,2,2,2,2,2,2,2,2,2,2,2,2,2,2,5,2,1},
			{1,1,1,1,1,1,1,1,1,1,1,1,1,1,1,1,1,1,1,1,1,1,1,1,1},
			
			
	};
	for(int i=0;i<planszaa.length;i++)
	{
		for (int j=0;j<planszaa[0].length;j++)
		{
			planszaa[i][j]=plansza2[i][j];
		}
	}
	
	break;
	
}
case 8:
{
	int plansza2[][]={
			{1,1,1,1,1,1,1,1,1,1,1,1,1,1,1,1,1,1,1,1,1,1,1,1,1},
			{1,2,2,6,2,2,2,2,2,2,2,1,2,2,2,2,2,2,2,2,2,2,2,2,1}, 
			{1,2,2,2,2,2,2,2,2,2,2,9,3,2,2,2,2,2,2,7,2,2,2,2,1},
			{1,2,2,2,2,2,2,2,5,2,2,1,3,2,2,2,2,2,2,2,2,2,2,2,1},
			{1,2,5,2,2,2,5,2,2,2,2,1,3,2,2,2,2,2,2,2,2,5,2,2,1},
			{1,2,2,2,2,2,2,2,2,2,2,1,3,2,2,2,2,2,2,2,2,2,2,2,1},
			{1,1,1,1,1,10,1,1,1,1,1,1,3,2,2,2,2,5,2,5,2,2,2,2,1},
			{1,2,5,2,1,2,1,2,2,2,2,1,3,2,2,2,2,2,2,2,2,2,2,2,1},
			{1,2,2,2,2,2,2,2,2,2,2,1,2,2,2,2,2,2,2,2,2,2,2,2,1},
			{1,2,2,5,2,2,2,2,2,2,2,1,2,2,2,1,1,1,8,1,1,1,1,1,1},
			{1,2,2,2,2,7,2,2,2,2,5,1,2,2,2,1,2,1,2,1,2,5,2,2,1},
			{1,2,2,2,2,2,2,2,5,2,2,1,1,1,1,1,2,2,2,2,2,2,5,2,1},
			{1,2,2,2,2,2,2,2,2,2,2,2,2,2,2,2,2,4,2,2,2,2,2,2,1},
			{1,5,2,2,5,2,2,2,2,2,2,2,2,5,2,2,2,2,2,2,2,2,2,2,1},
			{1,1,1,1,1,1,1,1,1,1,1,1,1,1,1,1,1,1,1,1,1,1,1,1,1},
			
			
	};
	for(int i=0;i<planszaa.length;i++)
	{
		for (int j=0;j<planszaa[0].length;j++)
		{
			planszaa[i][j]=plansza2[i][j];
		}
	}
	
	break;
	
}
case 9:
{
	int plansza2[][]={
			{1,1,1,1,1,1,1,1,1,1,1,1,1,1,1,1,1,1,1,1,1,1,1,1,1},
			{1,5,7,2,1,2,2,2,2,2,2,2,7,1,2,2,2,2,2,3,3,10,2,6,1}, 
			{1,3,3,3,9,2,2,2,5,2,2,2,2,1,2,2,2,2,2,3,3,1,2,2,1},
			{1,3,2,3,1,2,2,2,2,2,2,2,2,9,2,2,2,2,2,3,3,1,1,1,1},
			{1,3,3,3,1,2,2,2,2,2,2,2,1,1,2,2,2,5,2,3,3,2,2,2,1},
			{1,3,3,3,1,2,2,2,2,2,2,2,2,8,2,2,2,2,2,2,2,2,2,2,1},
			{1,2,3,2,1,2,2,2,5,2,2,2,1,1,2,2,2,2,2,2,2,2,2,2,1},
			{1,2,3,2,1,2,2,2,2,2,2,2,2,1,2,2,2,2,2,2,2,2,2,2,1},
			{1,3,2,3,1,1,1,1,3,3,3,3,1,1,1,1,1,1,1,1,1,1,1,1,1},
			{1,3,2,3,1,5,2,2,3,3,3,3,2,2,5,1,2,2,2,5,2,2,5,2,1},
			{1,3,2,3,1,2,2,2,3,3,3,3,2,5,2,1,2,2,2,2,2,2,2,2,1},
			{1,3,2,3,1,2,5,2,3,3,3,3,2,5,2,2,3,2,2,2,2,2,2,2,1},
			{1,2,2,2,2,2,2,2,2,2,2,2,5,2,2,1,2,4,2,2,5,5,2,2,1},
			{1,2,2,2,2,2,2,2,2,2,2,2,2,2,2,1,5,2,2,2,2,2,2,2,1},
			{1,1,1,1,1,1,1,1,1,1,1,1,1,1,1,1,1,1,1,1,1,1,1,1,1},
			
			
	};
	for(int i=0;i<planszaa.length;i++)
	{
		for (int j=0;j<planszaa[0].length;j++)
		{
			planszaa[i][j]=plansza2[i][j];
		}
	}
	
	break;
	
}
case 10:
{
	int plansza2[][]={
			{1,1,1,1,1,1,1,1,1,1,1,1,1,1,1,1,1,1,1,1,1,1,1,1,1},
			{1,0,0,0,0,2,2,2,5,2,5,2,2,1,2,2,2,2,2,2,0,0,0,0,1}, 
			{1,0,0,0,2,2,2,2,2,2,2,2,2,1,2,2,2,2,2,2,2,0,0,0,1},
			{1,0,0,2,2,2,2,2,2,2,2,2,2,10,2,2,5,2,2,2,2,2,0,0,1},
			{1,0,2,2,2,5,2,2,2,2,2,2,2,1,2,2,2,2,5,2,7,2,2,2,1},
			{1,2,5,2,2,2,2,5,2,1,1,1,1,1,1,1,2,2,2,2,2,2,2,2,1},
			{1,2,2,2,2,2,2,2,2,1,5,2,2,2,6,1,5,2,5,1,2,1,2,2,1},
			{1,1,1,1,9,1,1,1,1,1,2,2,2,2,5,1,1,1,1,1,8,1,1,1,1},
			{1,2,2,2,2,2,2,2,2,1,2,2,2,2,2,1,2,2,2,1,2,1,2,2,1},
			{1,2,2,2,2,2,2,2,2,1,2,2,2,2,2,1,2,2,2,2,2,2,5,2,1},
			{1,0,2,2,2,2,5,2,2,1,1,1,1,1,1,1,2,5,2,2,2,2,2,2,1},
			{1,0,0,2,2,2,2,2,5,2,2,2,1,2,2,2,2,2,2,2,2,7,2,2,1},
			{1,0,0,0,2,2,2,2,2,2,2,2,9,2,2,2,2,4,2,2,2,2,2,1,1},
			{1,11,0,0,0,2,2,2,2,2,2,2,1,2,2,2,2,2,2,2,2,2,2,2,1},
			{1,1,1,1,1,1,1,1,1,1,1,1,1,1,1,1,1,1,1,1,1,1,1,1,1},
			
			
	};
	for(int i=0;i<planszaa.length;i++)
	{
		for (int j=0;j<planszaa[0].length;j++)
		{
			planszaa[i][j]=plansza2[i][j];
		}
	}
	
	break;
	
}
default:
{
	int plansza2[][]={
			{1,1,1,1,1,1,1,1,1,1,1,1,1,1,1,1,1,1,1,1,1,1,1,1,1},
			{1,1,3,1,1,3,1,2,2,1,3,1,1,1,3,2,3,3,3,3,1,2,2,2,1},
			{1,1,3,1,3,1,2,1,1,2,3,3,1,1,3,2,3,1,1,1,2,1,1,1,1},
			{1,1,3,3,1,1,2,1,1,2,3,1,3,1,3,2,3,3,3,3,2,1,1,1,1},
			{1,1,3,1,3,1,2,1,1,2,3,1,1,3,3,2,3,1,1,1,2,1,1,1,1},
			{1,1,3,1,1,3,1,2,2,1,3,1,1,1,3,2,3,3,3,3,1,2,2,2,1},
			{1,1,1,1,1,1,1,1,1,1,1,1,1,1,1,1,1,1,1,1,1,1,1,1,1},
			{1,1,1,1,1,1,1,1,1,1,1,1,1,1,1,1,1,1,1,1,1,1,1,1,1},
			{1,1,1,1,1,1,1,1,1,1,1,1,1,1,1,1,1,1,1,1,1,1,1,1,1},
			{1,1,1,1,1,1,1,1,1,1,1,1,1,1,1,1,1,1,1,1,1,1,1,1,1},
			{1,1,1,1,1,1,1,1,1,1,1,1,1,1,1,1,1,1,1,1,1,1,1,1,1},
			{1,1,1,1,1,1,1,1,1,1,1,1,1,1,1,1,1,1,1,1,1,1,1,1,1},
			{1,1,1,1,1,1,1,1,1,1,1,1,1,1,1,1,1,1,1,1,1,1,1,1,1},
			{1,1,1,1,1,1,1,1,1,1,1,1,1,1,1,1,1,1,1,1,1,1,1,1,1},
			{1,1,1,1,1,1,1,1,1,1,1,1,1,1,1,1,1,1,1,1,1,1,1,1,1},
			
			
	};
	for(int i=0;i<planszaa.length;i++)
	{
		for (int j=0;j<planszaa[0].length;j++)
		{
			planszaa[i][j]=plansza2[i][j];
		}
	}

	break;
	
	
}
}
}
}
